554,581
557,345
335,269
194,457
329,650
14180,14271
14176,14506
14398,14582
14539,14394
14404,14201
12788,2215
5549,5810
13020,2122
3091,7024
1145,10447
13120,3111
8735,10767
8783,8955
5885,13748
13351,3075
12500,2752
7087,7216
12832,2319
5307,9137
2738,12751
13123,3213
7313,11633
7691,10281
3028,12865
13276,3895
12781,3073
7460,7747
13437,3003
7475,7313
3097,12949
13140,3964
11898,7532
8152,8420
3188,13336
13450,4043
13572,3146
3726,4264
12982,3308
6664,7250
1392,3928
14004,4272
12113,8371
6903,7580
3732,13398
13650,4718
12899,2724
7339,7148
12209,1296
7079,6990
2271,12371
13039,5248
12217,2230
8359,8411
3121,13079
13453,3472
10760,1426
6666,6864
11776,1828
6772,6903
3351,13286
13163,2969
10224,5574
7615,7721
3957,13342
9986,5249
12150,1884
6852,7367
7081,1121
6407,6608
3376,12966
13672,5773
12421,6582
7833,8453
4245,13631
14128,11863
13914,3834
7898,7926
13501,4222
7036,7048
1267,11296
13429,6137
3416,11190
12232,11974
2204,11972
13775,4661
7957,1186
1429,1100
8768,1138
7018,7213
2622,12574
11554,1366
9662,11667
14170,14281
14340,14391
11983,1743
13163,2644
7036,7310
12311,2216
7071,7116
1304,11278
13362,3580
7785,9517
8195,8650
2864,13173
13999,10353
13722,3849
6905,7480
13056,3731
6201,6469
4285,13662
14149,10917
9172,7058
8821,8888
7974,7730
13368,5298
394,461
6559,7149
10114,828
6788,6953
4104,13656
11155,1288
9351,2189
8486,8378
10724,1183
12036,2219
12371,1435
6859,6965
11195,1561
8156,7812
4582,5423
13235,2779
7614,7388
8086,7657
12058,3570
12271,3205
10354,1109
7824,7533
11546,1702
7279,7479
10188,4995
11463,1316
9785,6423
9840,6398
12332,2104
12981,2936
13813,3728
7860,6966
13362,3548
5409,5607
652,332
13995,4420
7914,3299
14340,14391
12875,3304
13950,4825
10390,1178
1352,7721
12384,2353
7704,7710
9045,4122
13062,2687
1700,11265
7023,7219
10639,2398
13847,10306
13424,3683
7004,13857
13189,3715
7828,7908
7679,13334
13404,5115
7944,13951
6157,13794
13836,5002
13663,4922
9741,1192
3293,2768
6880,1213
7243,7482
7979,5402
14340,14391
11739,13256
8350,8680
14340,14391
14122,4858
13861,5742
5674,6191
13509,5128
8587,8754
7411,8800
7778,8012
9060,9507
7122,7597
14087,13131
8214,8338
11876,7508
722,491
13636,6830
8030,7736
12314,8503
12196,8044
10469,7808
10426,8872
11798,7195
11944,7721
8261,5579
13640,5422
13525,4902
394,461
6890,6841
7360,7658
12502,6438
7511,7030
12475,1510
13551,4041
6953,6804
560,568
775,672
7088,6834
9143,5432
11386,11143
13492,2533
10147,9743
9179,8470
7457,5947
2826,1903
7315,13693
12668,2758
678,646
2819,4886
10552,13904
10689,5190
6736,7155
11947,3928
10006,6259
2725,2108
8357,10103
3378,1997
10080,9985
10577,10245
10842,11049
11137,4572
10787,10985
10882,4995
10721,5345
9628,9318
10089,10500
9650,9807
9675,9863
10373,9691
11468,11063
11687,9626
11135,10626
11532,10900
11392,10937
7606,7627
7467,7430
10896,9968
5958,13439
10145,11014
8706,8499
8640,7931
8058,7877
7927,8124
10673,13551
7635,7301
1618,1215
4153,4130
8234,10180
6866,6901
9063,13739
13243,9526
14340,14391
14340,14391
9062,13541
7608,8889
7109,9101
5783,8983
6265,9471
6554,9099
6137,9888
13471,4302
7683,10081
6302,9762
6060,9831
6761,7074
10015,10355
10686,10412
4803,7697
6240,6309
7451,7705
7189,7003
9427,9378
7642,7438
8019,8303
5276,4806
6781,6972
6119,6483
8031,13623
10383,5815
13240,4221
9443,5613
8929,6228
8537,6670
13572,4705
4645,4499
8163,8256
9338,9033
7224,13699
4818,5155
6297,6622
5969,5822
6085,6434
5733,6143
5555,5903
2000,1831
7390,1298
6733,6831
6637,6492
9868,7360
10610,13701
4847,4197
14016,14017
10925,7674
14053,14546
9485,9230
9248,9359
7662,7435
8587,8715
7163,7443
13496,12310
8464,7540
7173,7920
8030,8232
10502,10320
6212,6098
10999,4383
3369,2574
2883,12298
7179,6133
11201,11806
9405,5651
8484,5957
11181,10672
12303,11688
13623,6302
5309,4869
13520,5769
9020,13296
13499,6783
11905,13422
10288,1063
13607,4644
9186,13230
10134,10501
11581,12363
10538,10856
11575,12119
1203,1808
14212,13866
13164,11348
9929,13637
12426,12799
14370,14225
13924,12012
12459,13148
10647,10008
12200,11482
5365,5592
14212,13866
13164,11348
9988,13443
12770,13409
14370,14225
13924,12012
554,581
557,345
335,269
194,457
329,650
14180,14271
14176,14506
14398,14582
14539,14394
14404,14201
12965,1924
2315,12152
7257,3784
7185,6805
1673,11217
13748,4362
4120,13864
8969,8668
14011,4439
4174,13966
10697,1401
3682,13263
7385,3648
6777,6649
3633,13412
11525,1757
4404,13656
7379,7332
11901,1837
4317,13623
11848,3106
3837,13410
6899,4661
6126,6554
3971,13663
13473,6241
11906,14138
6921,7054
12571,2963
4863,13566
560,483
3324,13154
3264,8184
394,462
5457,12582
12805,2693
14340,14390
6887,7181
12751,2729
5829,13264
10703,1919
3311,13434
5370,8739
394,462
3305,13151
12015,1864
14340,14390
7036,7365
11552,1907
4309,13706
12988,2902
3623,13397
8505,2555
5958,5998
4050,13770
13414,6233
7828,13884
6639,7080
14340,14391
4357,13581
12405,2631
3429,13354
3268,6820
7843,8078
3471,13464
14340,14391
12780,14204
8972,9440
12892,3125
3774,13636
12623,2624
3928,13091
3831,13041
9972,9048
4257,7426
13470,4569
4669,13556
10795,10268
13448,6000
4626,13264
6562,1242
4124,12056
2464,12533
6486,6602
12872,2635
13222,3372
1815,11965
7587,7904
14340,14391
10585,13386
13481,3753
2361,12574
9883,5866
7498,7543
13898,4231
13189,3880
2957,12821
7833,8337
13243,3885
4990,13186
13657,3837
3874,13447
411,492
6051,6268
13513,7246
13687,5252
5728,13465
6824,7162
13469,8254
6946,7212
8500,7873
1136,1688
8612,8756
7167,6889
1712,9487
12043,1801
2548,12726
14260,14252
12040,1661
9717,9666
7422,6952
13373,4004
940,781
7418,7414
6421,13619
13574,8064
6559,13665
13721,13275
13654,8699
8020,8149
7264,7246
13325,4976
7820,7749
7805,8048
8910,13740
13862,8964
8272,13706
8216,8500
14014,9471
8328,13697
9389,9571
13020,5486
9002,9052
7224,14106
5021,10339
13472,7607
8729,13523
14340,14391
13558,7637
13864,9401
7204,6725
13895,7522
2278,2561
8364,7800
7140,13677
13896,7992
6422,13247
8194,7755
11033,12710
4443,13348
2185,2915
12046,10820
8797,11505
12437,11482
9396,13635
14340,14390
6001,13508
14340,14390
11696,11329
14270,14403
10687,10669
13102,11070
1528,11584
13675,10954
12444,10536
14005,12978
2123,12827
9864,9872
11946,11682
13866,12389
11957,11249
394,461
1953,11935
13739,5901
8101,7979
13507,7027
13481,8039
13512,7093
13491,6946
13647,9390
6965,6618
14034,12518
10303,13666
5337,4869
13726,13159
12950,13486
12804,13607
13621,13462
13080,13542
13734,13298
12651,12511
14034,12518
13233,13862
11194,10903
12952,13752
14011,14293
14340,14390
13621,13462
13080,13542
13452,14039
554,581
557,345
335,269
194,457
329,650
14180,14271
14176,14506
14398,14582
14539,14394
14404,14201
603,611
12682,2885
7394,3135
6278,6691
7672,2558
5386,13580
7390,7430
6362,8182
13528,2696
14022,3958
603,611
11673,1751
7542,3053
6859,7115
11744,2165
1507,11427
7750,5705
7769,7515
12674,2505
13240,3004
603,611
5742,1062
2701,5239
6415,6660
394,461
1190,10576
3396,7730
7611,7373
14008,12233
12119,1570
603,611
4987,894
5964,7323
3167,2611
4178,829
1150,10497
14340,14391
14340,14391
10939,1508
11153,1185
603,611
13023,2173
1430,11390
6475,6952
12767,3133
4393,13713
5141,9045
7031,7110
13373,3267
13522,2824
603,611
10535,1210
394,461
6264,6465
8611,1275
1897,12330
2355,12277
7035,7121
12183,1606
12499,2004
603,611
13564,3952
3346,11173
7000,7186
13761,3837
1223,10572
11354,5577
12911,3411
13394,4648
14023,4357
603,611
11597,1626
4167,13656
3469,2938
11557,1658
7690,14052
10070,5049
10324,4763
12991,2590
13483,7343
603,611
394,461
2453,4526
6554,6935
10699,889
1220,10613
11072,2158
7676,7366
12934,3368
12175,2195
603,611
394,461
2119,12019
5610,5142
10728,1377
1953,11864
7610,11161
9451,10032
11357,1265
11631,1471
394,462
729,615
7334,7412
5659,6100
10714,1560
1827,9777
6970,7543
4714,6021
11673,2168
11686,1736
394,462
11810,2211
6118,3484
11631,1830
1324,7159
6083,6597
10639,3012
10778,3415
13112,3146
13912,10957
394,462
9382,1426
7338,7458
5064,5048
6327,6905
7520,7622
7220,1131
6961,1656
10375,10974
7679,7677
394,462
3888,1445
5934,1385
4875,3005
271,455
14025,13709
5152,1095
4714,1553
973,7151
3875,7425
394,462
8990,2364
2213,9901
1129,7658
9135,2277
9519,1656
9282,2424
14340,14391
2545,10155
3121,8261
394,462
2689,796
5760,1498
5948,1768
2015,1788
4909,1417
3197,3704
3848,3859
4740,5040
7061,7944
394,462
4618,1977
2705,2611
5948,1768
2463,2810
4341,2568
2728,3415
2719,2912
3128,3667
3831,3700
554,581
557,345
335,269
194,457
329,650
14180,14271
14176,14506
14398,14582
14539,14394
14404,14201
943,2157
7327,6907
10805,3338
10608,2443
3362,7916
4064,13665
12226,1247
7064,11184
12574,1310
7915,7695
2898,12368
6718,7417
12396,1791
11639,1417
2224,13109
3011,13010
12099,2647
6590,12398
12633,2941
7405,7556
2777,12936
6751,7166
12694,2852
12751,3093
2585,13690
4013,13751
12806,3159
11032,12418
13378,3536
7809,7743
3759,10183
6465,7223
10954,1382
11695,1185
1374,4624
3423,13601
12228,2403
10965,8520
11978,1851
7291,7149
2659,12478
7269,7240
11505,1364
11132,983
2141,13090
3801,13327
12438,2381
10077,5472
12834,2391
8240,8082
4470,2504
8437,7744
3275,733
2773,667
2025,12916
3421,13105
13413,3661
8446,2822
13670,7953
9050,8884
5173,6037
5552,6308
11485,1713
12584,1294
1542,11502
6684,6794
13520,5596
6945,6183
13103,2738
6303,6749
3345,8449
7009,7361
12310,2405
12258,1736
7543,7129
8821,9312
12569,3119
6373,12279
13784,4218
8588,8444
1684,13032
6747,6905
13511,3784
13920,3809
1130,11839
2625,13353
13522,4646
5944,11049
14240,13818
8111,7610
2045,12407
2759,1019
1284,496
6895,1090
6645,7257
10761,14070
13436,4574
2491,9526
12879,2673
8156,8130
8071,5376
13099,3641
10756,4750
11035,4503
9993,5347
1189,10254
14340,14391
11552,8078
13536,4665
8643,6485
3364,13110
11424,8053
13752,3890
13760,3336
3231,13659
13922,14339
13398,4950
11272,6853
13369,5387
8169,7790
4174,13711
7385,7848
11623,1587
9171,1186
3757,13708
11623,14057
14340,14391
7825,4129
13308,2469
7993,8104
1967,12636
6739,6985
13321,2895
12886,2959
3274,13529
2633,13086
12394,5080
2259,13039
13936,5505
7931,7665
1439,11842
6163,6902
13537,3210
13491,2675
1834,11784
1743,12550
13441,6360
1752,11796
13759,6293
7094,7106
4859,4839
1006,959
13038,3601
12921,2993
5521,5196
2833,12772
12455,7507
6366,6915
6424,6595
7816,11823
9963,4611
1205,10085
9766,5325
2559,830
5739,6179
2939,13143
11240,5510
9848,5639
14060,11604
6865,6790
10907,3302
1995,13528
10573,1476
10723,928
10501,1500
3976,13910
13076,3131
3093,11387
12675,2619
12272,2262
12709,5408
1166,8281
394,461
394,461
11975,3665
14340,14391
13761,7482
12809,10824
12741,11660
10640,11247
7932,8371
1326,10796
11561,1374
11321,1329
1275,10613
2832,11986
13920,10435
12524,2287
12686,2493
11817,2738
5357,6067
2581,12959
13643,6213
13627,5703
2460,13533
4095,13705
13310,5889
3929,7964
13802,3535
7291,7085
6920,7844
6242,12697
12643,4950
13519,4104
7932,12103
13646,8464
13627,8002
13262,5899
7211,12628
13157,6575
1698,1268
8504,8694
8053,816
10121,1351
9882,1057
10673,1284
10510,4906
10019,4755
14340,14390
9476,9147
3316,13190
394,461
14109,5674
13516,5248
14009,5131
13855,6250
13669,7012
13285,5142
14340,14390
7506,11691
7900,10688
8251,8472
11314,7634
11650,7696
6624,4703
9223,7502
12196,9906
6725,13823
14340,14390
10062,9315
8763,8546
11013,8536
8802,8503
12506,4790
11434,8523
12005,9141
13799,14320
12338,5305
14340,14390
8878,10743
9002,9152
6121,3479
9193,8724
5601,5134
10685,8743
9996,7324
12898,10644
13162,12765
14340,14390
10724,10729
2483,2575
8880,9298
8886,8786
8547,9092
8620,8722
9405,9481
9968,9668
9054,9506
14340,14390
9281,9771
8356,7935
3924,3375
1105,884
8677,8281
5963,5955
12914,13517
7712,11320
13481,12908
14340,14390
14311,14509
9822,6408
10877,7515
11870,7478
11768,7224
11419,8304
12075,10182
12211,8229
11279,8495
14340,14390
10908,8229
10549,8818
10114,8731
11554,6828
10888,8687
11419,8304
11965,7766
12215,8441
11279,8495
14340,14390
10125,9465
554,581
557,345
335,269
194,457
329,650
14180,14271
14176,14506
14398,14582
14539,14394
14404,14201
12320,1299
4744,4688
10007,1274
1919,11740
5464,5922
4474,13515
14426,14170
8816,8971
12169,6720
11732,6665
9717,1379
6267,6479
13031,3116
1656,12000
11125,1980
2187,12393
13558,4576
7055,7238
13722,3929
11962,6748
1478,11715
7180,7033
12167,2394
2003,11837
11687,1728
2982,12733
13309,3024
7918,7915
12798,2446
7637,9862
3265,13708
7923,7565
10397,1494
2459,13058
10744,1479
4025,13304
13028,1975
8989,8707
13266,2355
2740,13034
1383,9012
5538,5877
13025,1851
1126,11575
12290,1273
2125,11824
13176,3231
7512,7617
13286,3154
5323,6147
3004,13686
7627,7125
394,461
3124,13068
10289,1292
4079,13640
11115,1409
7849,8033
11151,1059
10719,8765
1652,12155
4771,5070
10458,1505
972,6402
5030,825
3185,13150
11158,1659
8422,7494
10717,1997
5884,4996
1384,11625
6456,7081
12296,2248
1936,11800
12199,2034
3627,13490
4176,13229
7710,7521
10947,5457
10098,4814
2048,12214
7932,7328
13620,4374
1912,12885
12609,2617
3566,13107
3337,12923
7721,8308
13724,3919
12326,6699
2689,12945
5918,5493
12138,2213
2639,12370
840,426
9332,13764
3808,13555
7858,7544
14220,12821
7938,9705
728,8726
2934,9610
5186,1117
863,5237
10689,1276
844,10728
1399,11072
8957,7276
9409,5649
2295,8846
3136,13280
7216,6554
358,543
962,11201
394,461
3854,13247
4407,13431
3068,12692
12365,3205
1642,12467
1222,11409
5517,9262
13628,3430
1175,10699
13490,2851
2702,12010
3078,10879
3461,10308
12625,2979
14340,14391
1178,7900
7842,7983
8168,7772
4062,4092
1785,1333
3255,9206
1072,10838
1161,11076
7447,1227
10175,4713
5977,6274
6422,6894
8147,7779
7597,8461
7432,1201
7085,7313
8502,7991
7864,8147
7163,6887
7177,6918
4289,3972
6168,3582
6105,6066
6078,7014
598,815
5872,7048
6439,6755
5892,6566
12040,11758
6226,6979
394,461
4792,5236
358,543
5437,5210
271,455
7269,6449
7141,7366
1513,11911
6358,6532
9989,6961
1201,919
358,544
427,865
5172,5362
271,455
6256,6438
6639,6708
1462,11784
13888,13603
8181,4994
554,581
557,345
335,269
194,457
329,650
14180,14271
14176,14506
14398,14582
14539,14394
14404,14201
6188,6348
7697,3484
1243,10357
10767,2752
10439,2994
9369,8837
12945,2965
3921,13452
14589,14454
13206,2907
6896,6856
6844,4794
2045,12456
9416,3325
11576,1718
7931,7321
12507,2390
2821,12846
12746,2957
7627,7333
5810,6229
1008,6772
2426,12560
10981,1382
10967,1480
7063,6388
12132,1503
3028,13079
12031,1937
13748,13326
6963,6385
3396,8215
2396,12579
10637,1357
11057,1196
8096,6276
11881,1947
2805,13229
12097,1999
10821,8705
7906,7729
2374,8206
1151,11107
9465,1594
11093,1420
8910,8274
13526,7326
2199,11769
14340,14391
10412,3161
7109,6184
7204,5164
394,461
11460,1718
11588,1636
9663,5375
12578,2243
1143,10679
10967,3369
8430,6250
2526,2322
394,461
1212,10849
10195,2574
10624,2355
10568,10007
10954,3760
2776,11344
10605,2899
10823,4413
7414,7812
8472,2541
1097,11031
9318,1471
11875,1705
13135,13660
13138,2409
2258,11980
12465,2843
12868,12256
6410,6522
7098,5106
1474,11798
12815,2982
13396,3222
8722,8366
13302,4031
2462,12057
13836,4090
8098,6237
1306,825
2862,7147
1043,10770
5068,1057
6901,1287
7672,7565
12350,2509
1565,11392
14340,14390
2552,12030
6790,7128
3465,1023
1239,11584
13410,3288
13341,3553
14340,14391
13978,6014
2859,11356
14340,14390
1097,12276
7740,7935
11055,4125
875,10585
12941,2127
13354,2601
12330,2096
13644,4497
2112,11653
14340,14391
1602,12069
1455,830
12286,3200
532,1424
12221,2117
12560,2189
7300,7212
13415,3205
7692,6591
13506,2589
2362,13562
5552,6076
684,499
1180,10825
5239,901
5074,913
7338,6684
13735,9008
10618,1183
11111,1257
9330,3750
7167,6934
8354,2632
1358,12162
10553,1715
2884,2280
7935,7259
10756,1916
10365,10599
11418,1838
2948,13096
6452,6523
394,461
1239,10843
4015,852
8622,4428
13858,13528
13035,1887
14256,14338
12892,1910
1856,12730
7300,7060
3919,6535
843,5616
7795,6536
8506,6685
7974,7826
9004,7564
1205,10068
9184,6357
1242,11184
3400,13430
3966,13530
394,461
394,461
2062,1297
10022,5050
10711,4749
2396,8680
10045,5249
6526,13591
1916,11460
943,6912
4536,8138
4713,7722
4696,7225
8425,6795
10695,3275
4712,8071
7952,1331
3738,10226
13625,3858
14065,4924
1004,7590
13839,3948
13396,3801
6770,6723
14009,7058
12219,6539
14118,4816
13973,5031
9389,5634
10883,4525
9131,9332
9408,5693
9082,9356
11658,5827
11802,5842
12435,12190
10288,8417
12182,7667
7167,6612
9310,5433
358,543
6532,6066
394,461
11956,11655
6953,9734
7098,11171
12217,11605
9050,8949
6309,8078
10870,10813
1169,7530
6656,8246
10902,10478
7038,8390
7176,9609
7007,7027
9847,8891
7306,7883
8168,5300
3980,4300
7756,5266
8340,5656
9905,9842
8319,5620
7718,5355
7038,6714
6997,7009
8389,5678
6938,4793
10030,4885
8052,5187
2047,9622
1661,10388
8716,8165
6768,8361
13612,14003
14340,14391
5975,8508
8105,8609
6763,8326
7611,8050
7374,8014
7139,8037
12625,12846
12011,11290
4530,1202
6467,8323
11949,11585
8455,5972
8130,6751
8204,6357
8131,6203
8727,6027
8391,4985
9715,6033
8076,6678
9972,6775
8388,7622
11013,8446
6216,13732
11276,8550
11082,7763
7320,6801
10472,8606
11072,8768
12037,9483
10840,8830
10664,8835
4671,4564
394,461
394,461
3432,3891
5793,5814
6007,4938
6213,5934
6978,5255
8646,13155
10618,13719
5108,5001
7407,6132
7135,7011
7736,5477
7644,5173
4684,4202
10505,4872
6425,1273
8464,3529
6122,4790
5849,1255
6376,1256
6425,1455
6610,880
4579,2594
9914,4472
9882,5164
7790,1360
13981,13750
10018,5110
6047,1101
3857,4467
6576,1232
5974,1335
3657,3931
6287,1532
11996,11069
3557,4216
4987,5876
6744,1050
6240,1263
394,461
6001,1532
5585,1498
3091,2623
5076,5149
7841,2119
7729,1462
8063,8602
7915,1925
6351,8135
5314,9018
4790,9212
7979,7663
7739,7854
9733,8993
6282,2269
7698,10954
8522,1208
12500,12267
3800,4096
4871,5509
3943,3945
4871,6080
10321,9662
8056,8608
7956,8424
5244,7538
10299,10172
9737,11572
3306,8971
3103,9386
3225,7730
669,999
3672,9163
4420,9328
7297,7234
4708,9487
6975,7455
7179,7584
4801,8795
4262,9526
4791,8081
2448,7175
3495,8431
3486,3506
3633,3872
3563,3532
3860,3676
3587,3907
9420,5633
9042,3868
1224,6573
8900,5452
4999,4535
8133,7859
13284,12620
13458,8501
12073,8646
11575,6813
7450,6174
4111,1714
3097,1731
7454,6078
3814,1095
5270,6100
5944,1749
4642,4720
5942,2479
7284,5067
1868,2064
5745,1391
2452,2934
5931,980
5962,1112
6123,4132
5591,1334
7821,870
3010,3364
6795,2966
3216,2822
438,890
2990,3512
2492,4379
1454,6101
5522,1096
10184,9940
3265,7734
4767,4314
14340,14391
5315,6183
5889,7101
1731,1331
3662,3235
3565,2992
14340,14391
4863,7152
3944,1410
3006,9219
5770,6511
7183,6966
2997,7470
3485,6620
4769,6765
4084,7162
14340,14391
8585,8117
1328,9416
9559,7022
13945,13682
4694,6539
10423,7817
6410,6514
5956,5114
6055,5962
14340,14391
4416,4786
14340,14391
5406,6021
9863,9472
6255,6056
6110,6276
1341,985
863,764
3895,2195
14340,14391
12050,8798
8381,5712
9294,5694
11855,11575
10870,10899
8282,7092
6127,5917
10624,10104
10913,10950
14340,14391
11088,4225
12123,10181
11565,5677
9606,6013
13002,12389
13007,12463
12436,11750
12566,12783
12411,12740
14340,14391
14311,14508
14071,13901
13543,13024
13344,13667
554,581
557,345
335,269
194,457
329,650
14180,14271
14176,14506
14398,14582
14539,14394
14404,14201
1856,13046
11674,1718
1228,12499
6370,6221
11041,1899
6462,12590
12935,2046
12986,2381
8326,6465
4435,13696
2727,13493
11410,1695
2818,13204
6839,6908
11126,1721
4679,11966
12730,1925
12579,2291
7473,7422
3633,13308
2119,12354
10549,1669
1987,12513
6811,6710
10046,1141
2721,13185
11354,1156
11598,1656
7104,7044
2817,12993
413,515
10570,1244
1224,10585
6469,6502
10311,1053
13630,14304
12350,1471
11602,2114
7240,7570
1565,11431
1281,11227
11411,1799
1337,10903
6519,7025
11289,1433
1571,11502
11748,1963
10231,5043
7260,7575
1561,11531
1759,12844
8181,814
1883,12301
6623,6909
3253,718
2145,12533
11859,1655
12131,6802
11180,10662
2170,12936
1216,10804
10667,1342
1155,9085
6793,6958
10447,1326
1519,11779
13298,3296
11905,3603
8146,8163
1402,11141
1408,10913
10371,1352
1063,9283
5970,6071
9917,1295
2387,12598
11921,1775
11823,2239
7413,7489
14049,14271
805,4676
10188,1240
1143,10302
6795,6405
9496,1112
1676,11576
11257,1330
11285,1536
7173,7409
1794,11623
1794,12080
10783,1035
412,553
7023,6927
10593,1202
10586,13372
11268,1828
11786,1719
7569,7539
2059,13665
1423,10663
9760,880
1377,10903
6306,6529
10236,1182
1577,11505
11675,1326
11542,1366
7589,7419
1678,11863
1095,10814
10570,1536
961,10901
7017,6757
1930,579
1191,11162
12326,1352
12187,1311
7748,7648
1278,11393
1406,9549
13442,3517
1339,10837
5996,5910
13414,3649
1314,11616
14086,4635
13596,3763
7077,8015
1424,11287
948,10804
10908,1288
802,10027
7373,7448
10995,1287
1924,12771
12372,1464
12135,1628
14340,14391
1324,12390
1126,11022
12937,1889
1362,10926
6839,7016
394,461
1799,11941
13571,7075
13717,4480
7576,7565
2623,11571
851,3955
10957,1080
514,1087
394,461
10829,1136
1919,11855
11579,1753
11685,1508
7535,7494
1084,12169
4163,13595
11474,3986
3701,13635
7953,7956
11760,3357
4577,9846
13626,7842
13998,7340
4580,10173
4409,9970
528,1405
577,415
1394,8903
6362,6558
394,461
2278,8504
11256,1270
14340,14391
7511,7549
4924,6708
3101,13235
6892,4865
3144,13033
5710,5849
6418,4852
5481,5877
8075,5037
6845,7038
6630,6951
13976,14016
1062,11026
8780,1435
1119,7077
5835,5913
5477,5596
1205,8420
5614,5687
6623,6727
1355,8638
1254,8276
1240,10108
1820,7808
2128,7568
1637,9729
774,8129
2759,7983
8860,8634
7281,7583
1328,8505
1794,7661
6954,12505
5811,5422
3861,13303
3782,13370
5138,5238
7167,13825
5039,13333
7869,13667
13726,14310
5778,11306
7923,7771
9191,5921
1340,11574
7664,5126
9934,5245
8665,10421
2450,13412
8930,8763
6394,8696
7390,8776
2974,3269
7377,7314
1912,7538
394,461
5417,5861
2273,7433
2910,7167
11434,12084
7422,7356
11456,11876
10274,1300
2924,4599
2778,4453
2529,5014
1589,5498
3974,9398
2906,5956
3586,6277
4654,5260
3801,5116
13464,7999
394,461
4822,4661
4950,7608
6561,4832
13112,7479
9231,9046
10829,7483
7616,7488
13223,7899
5617,1130
6563,6527
3700,10164
6508,8088
5421,8725
10084,7179
4030,12600
7731,10935
7547,7458
7532,7288
13676,7134
7538,7794
6397,7043
2102,1501
174,258
14205,12635
6988,6790
13162,8802
8952,8734
4806,5242
13651,4582
1731,2083
724,208
1327,6152
1401,5589
9713,9598
9421,5979
9564,5890
4788,7129
7716,7660
12715,2550
9783,5450
5507,5790
4831,7659
4865,7752
7084,7201
7515,6971
8877,5723
6914,7438
7167,7216
13374,8812
13118,7827
6350,1599
12021,3633
11698,5262
13548,9519
5317,3462
12642,3210
7705,5564
5562,3693
4806,4795
12773,10347
13510,9707
13681,8474
13825,8196
12943,10470
13746,8604
13014,9866
13741,6065
12757,9476
6693,6849
10719,3257
11932,1769
6008,5755
4565,5047
7013,10182
7857,7853
7704,7857
8161,6439
7519,9873
9178,9192
10117,10815
9741,9781
9166,9144
8915,9160
9612,11596
9739,9233
9375,5773
8919,8020
9341,9215
6274,6511
7758,4819
6949,4765
6414,4893
394,461
11275,5585
13488,5462
3713,7910
10163,5367
9619,5360
4990,5112
8659,4485
2575,2080
6787,4796
2160,3261
4913,4948
7263,1435
4367,4608
3858,3920
4709,5907
6153,6386
6489,6440
13384,3674
13310,4093
13236,3717
4882,10388
13104,6871
4838,9857
5901,9052
4439,10169
5908,8948
5798,8983
13153,11498
13040,3368
13257,3862
13356,6160
13209,5594
13154,6019
13546,7638
13209,4542
5302,3173
1725,2033
2817,902
485,682
394,461
3703,1154
3782,769
2946,1215
3632,1533
2833,1532
2655,757
10122,10827
5670,754
1114,7484
9765,10367
11389,11148
11756,10945
3819,3643
3656,2624
3627,2834
12730,7274
10979,10660
13895,7435
4751,13708
10802,10470
13153,6924
9424,8800
5465,13649
13169,7016
12222,8195
1396,1991
12212,11356
4815,3728
5546,13724
12533,11185
12501,11372
11413,11134
6731,6882
14340,14391
13956,12741
11299,11145
11245,11495
11102,11030
10839,10926
10565,10515
11999,11884
7949,7464
10966,10916
11655,11895
11879,12027
12737,13371
12591,13344
12832,13359
12901,12906
12621,12946
11006,11543
7949,7464
10966,10916
13368,13854
12577,12985
554,581
557,345
335,269
194,457
329,650
14180,14271
14176,14506
14398,14582
14539,14394
14404,14201
2345,12594
7017,4982
9995,6623
11013,1436
9006,2169
5282,9572
7811,9924
6123,9041
11450,6520
11851,5884
2404,13049
6892,5462
7315,7748
10869,1438
10860,1311
3645,12885
6233,12341
8254,8527
11507,1701
12089,1524
3158,13134
8201,2534
7902,7759
12901,3158
13158,3307
3932,13387
11576,7760
8196,8521
13699,4412
14007,4353
1474,12047
3663,6512
7416,7745
13323,3209
13148,3535
2834,12790
12498,6274
8633,8769
13554,3986
13193,4207
1226,9553
3388,9032
6759,7070
11954,2143
10613,1313
7507,14087
4719,9454
7480,7394
11488,1843
13065,2282
1525,11548
10441,2640
5910,6057
1025,508
10687,1246
2516,12793
11804,3991
8673,5148
12421,2209
12017,3202
1306,10672
8568,2928
9333,5678
13120,2055
6186,957
1908,11770
11059,5443
7699,7339
13244,9702
14053,10432
1227,10909
8999,3523
7954,8086
10637,1327
11226,1602
1743,11703
6996,10797
8689,8502
12205,1976
11922,1760
1531,10284
9870,4220
6550,6864
13104,3064
9605,4367
1643,11846
10850,4379
8126,8139
13207,4759
11710,5551
1410,12006
5386,1836
6357,6880
10440,1480
10481,1210
2237,12355
6545,10106
7277,7526
10993,1661
11898,1410
1102,10003
10349,3202
6860,7284
10407,1331
10012,951
1166,10983
1651,11041
7940,8223
11479,1936
13028,2078
1649,11518
6958,5427
7698,8033
10774,999
3462,728
3117,11262
11238,6953
10491,10500
11588,1616
11949,1607
1102,9319
5309,8700
6494,6818
12858,1748
12568,1868
1116,11631
13085,3287
7483,7509
12528,3031
13240,2220
812,10615
7433,3974
6577,6915
7663,1214
6613,961
1791,11524
8320,2644
14144,14232
8319,1111
7821,3481
394,461
10496,3340
13576,4973
10925,1997
10716,1791
1181,11024
10325,4916
6156,6770
13742,9447
11726,5265
1210,10372
7587,6713
8191,6316
9589,5289
394,461
2569,11585
11158,8646
8368,7759
7590,1428
9346,7064
1648,11141
4999,5729
5520,5857
818,660
6803,1086
6626,4668
3072,9282
6970,5403
5263,1639
5972,5003
3488,13805
3538,9672
3186,10521
3639,7317
6551,1340
3279,7715
3453,8458
2880,7964
4427,4524
3421,7208
1261,7420
394,461
6205,4931
6407,1197
225,681
10012,8941
9430,9317
10059,3300
8060,2288
7831,3650
2412,2362
415,444
1234,2085
1676,1188
357,546
2580,2491
4098,1017
2198,2668
2391,2046
2259,2366
2412,2362
415,444
579,1224
1397,690
357,546
2188,2251
5133,2039
674,1494
2037,1850
1510,754
554,581
557,345
335,269
194,457
329,650
14180,14271
14176,14506
14398,14582
14539,14394
14404,14201
3402,7840
3446,7813
8595,4746
10267,2939
10029,3189
6972,11380
7833,10140
8218,7937
10932,3708
10986,3518
1668,12064
2333,8842
6505,6938
10882,1614
10728,1501
2494,12434
7652,9822
7365,7422
12670,2063
11837,1976
2106,12094
7002,4944
6523,6968
12026,2242
12294,1911
2223,12046
12442,6506
7239,7467
12456,2667
12736,2504
1240,10955
7762,2321
6468,6868
12241,2469
12262,2608
1703,12238
4623,9557
7480,7327
13365,2932
13535,2484
2817,12759
2697,5504
6194,6766
12886,1872
13232,3740
3435,13205
11722,13164
7095,6971
13882,9213
14319,14179
2563,12945
4229,9865
6718,7204
10941,1306
1742,574
3579,13266
9967,4670
8371,8260
12573,1678
12530,1745
1445,6073
8631,5746
8098,6834
10081,1590
9966,1313
14139,14366
5713,9325
8035,7766
11242,1798
11573,1104
799,8932
13563,2626
6297,6919
12662,2608
10774,2007
1085,9674
6302,8349
8555,8548
11202,4647
13933,9732
1394,10220
3501,7846
6355,6653
3593,894
11271,1396
1182,12114
12195,9491
7187,7075
12848,2243
12655,2849
394,461
6998,4638
6141,6813
11216,1360
11113,1350
2802,13032
11944,2503
7274,7456
12927,2311
12032,2400
1557,10803
4642,7658
8310,7418
11352,1864
394,461
4693,10043
4669,9936
8171,8131
14340,14391
13877,4851
1034,8916
10641,2938
7701,8189
10904,1668
10731,1268
1488,9658
11685,1982
7877,8172
12169,2068
12612,1877
394,461
6716,1135
6601,6141
7688,1339
7359,1268
1251,7729
10071,5675
7866,1467
8326,1165
8357,1343
7008,7139
13776,4858
8992,7480
13417,3859
13290,4127
14340,14391
7609,9873
8450,8229
13883,7546
13741,3822
2345,12286
4382,7064
7476,7572
7383,6742
7079,7201
3847,10570
3296,7772
5724,6558
13532,4250
13796,3780
7917,7710
5537,1630
9733,3457
7076,4381
7416,7794
6218,10097
13584,12774
8443,8602
11104,5133
10989,3742
6056,3390
6245,3096
8775,4365
8156,3182
5357,5401
11046,1658
9378,9477
11281,1773
5979,6539
10939,1490
1982,1247
10723,4545
11659,3607
11400,3871
11532,4040
12644,5275
4417,10018
8736,1252
7221,7687
12040,1744
6429,8351
5809,8745
7926,7216
10195,4583
6415,8285
7798,7477
8164,5402
9634,5772
8219,6908
7838,7562
769,9888
5402,5202
5213,5293
5797,3503
4604,4670
4647,7302
8547,5113
2608,8477
5974,6280
4179,7392
2435,786
6232,3070
4840,4430
4641,1232
9364,9636
13721,13297
5516,1013
6236,12290
6339,5940
12015,11613
5414,5314
7398,7810
7806,5674
6999,6187
7005,4940
8141,6834
7437,10960
7773,5576
8050,7181
8252,7122
7963,8424
11226,9908
6148,9706
7351,9097
5947,10784
7487,9953
8384,10180
12513,12472
7687,10225
12137,12810
1870,11653
4792,6818
2969,2405
6888,1660
5922,6165
2975,11418
11039,5543
5949,8301
6857,6896
6817,7769
10981,11008
10931,11053
7774,9404
10792,10484
10491,10993
5382,7492
9321,9921
9338,9070
12058,11965
9504,8842
11419,11185
11400,11235
8548,10513
11263,10834
10793,11284
14340,14391
9321,9921
9338,9070
12518,12055
9504,8842
554,581
557,345
335,269
194,457
329,650
14180,14271
14176,14506
14398,14582
14539,14394
14404,14201
1185,12401
1156,12116
6294,6311
13095,2034
12539,1437
2481,12866
11514,7163
8466,8539
11228,6797
11004,5408
2513,12622
2284,12223
7194,7134
9662,3108
9809,3091
3329,13192
12477,6594
7960,7381
12244,2381
12040,3334
2984,13059
3782,6647
7628,7759
11554,1747
11568,1668
3970,13510
7793,9734
8833,8338
12050,2289
12632,1452
2743,12905
7924,3337
7573,7519
11302,1537
11035,1293
11590,13975
6405,12368
8604,7901
12011,1918
12766,1613
2147,12700
2679,5626
7756,8150
11600,1988
11243,1453
3021,12862
7764,7924
8429,8164
12065,2400
12387,1471
700,2133
10755,4577
7509,7727
11204,1383
9472,808
2788,13006
11758,5297
8490,8009
13975,10938
12450,2990
2412,12656
8235,2702
1597,1233
4830,907
10071,1268
2548,12654
9875,4472
6729,7180
12387,2472
11508,3500
821,4138
9028,5679
7222,7646
13064,3580
13543,4038
7824,13653
14340,14391
8436,7803
13244,4897
13982,4368
2909,12965
394,461
1720,1308
12902,3300
12972,3337
3990,13462
12980,3466
9956,9344
12910,3382
12963,5194
2157,13032
2351,8420
7214,7428
12190,1391
12319,1228
4189,13640
7769,9684
8352,7567
13275,4164
14057,4412
1362,11360
3683,9275
394,461
10974,1587
10177,1130
7869,13625
3391,8178
14340,14391
12186,1899
12991,1875
4064,13760
6773,5195
7025,7261
13095,3687
13116,3481
7835,7448
7341,8915
7810,7792
13591,4722
13217,4550
932,2058
10295,5011
5552,6162
13019,3455
12938,3067
3148,11721
7081,7616
7161,7058
13491,4061
13118,3752
3181,13791
8311,2516
5791,5976
1387,1084
394,461
9438,13710
11161,6669
8193,7162
13408,6572
13513,7015
1517,11040
8086,6733
7348,7061
13381,5386
13369,5020
14340,14391
8222,7717
8485,7822
13379,6775
13025,5342
1915,9820
394,461
6928,6903
13255,7432
13533,7585
3896,12494
14340,14391
7982,7277
14340,14391
13168,9387
4415,9248
394,461
2440,1788
5983,6314
3043,2769
1651,11678
6756,7077
6437,6531
13427,3977
6865,7005
4749,13717
7309,7216
7164,7970
7612,7323
5187,13898
5362,13535
5760,13737
5764,13478
6335,12628
4112,12114
4029,13445
12340,6533
3605,13488
8365,8672
1427,2068
14340,14391
14340,14391
9599,9065
9956,9552
10040,9778
2000,2746
6928,7109
8478,10243
8081,10424
3164,6914
3249,13394
7501,7356
8679,10762
5283,9280
4446,9525
7360,7042
5409,4898
8410,6556
6809,7352
6981,7105
8153,7751
8872,7367
8760,7912
13495,5868
9932,8084
11133,4925
7372,7490
9428,5566
7484,7250
7443,7382
8306,8003
8930,7274
8642,7726
9149,6280
9971,6756
4329,12390
8486,8541
3490,3198
5807,6592
6497,7132
14340,14391
10244,13285
7160,8926
8913,9696
13656,14037
1354,1073
6869,5154
8710,8668
8561,8743
8510,8763
9419,10031
7954,9867
9998,9798
9875,9878
9133,9831
10266,10477
10707,10106
10848,10097
10702,10189
10869,10406
13830,13613
11796,11452
11372,9969
9888,9938
11552,11132
6984,11659
11973,12013
8328,10169
7966,8149
7902,7564
11993,11275
11463,10730
11307,10913
12787,12682
11059,10674
394,461
10954,5331
8483,8060
10021,5108
10618,5673
8356,10236
10054,9638
11449,11878
10350,10662
10641,10509
11790,11418
11786,11493
11871,11421
12188,11606
12006,11734
8696,8240
12478,12647
11897,12588
11852,11477
12739,12703
12801,12997
12777,13161
12810,12796
12709,12543
12654,12541
14261,14380
12796,12306
12260,12392
11852,11477
13662,13416
554,581
557,345
335,269
194,457
329,650
14180,14271
14176,14506
14398,14582
14539,14394
14404,14201
7072,7327
1416,11391
6824,5608
10917,1347
1135,12278
8257,7875
13572,4617
8625,8248
3691,13270
13428,4242
6488,6727
2344,13335
7750,4212
12521,1588
2662,12715
7436,6832
12817,1519
7192,7173
3740,13227
13161,2010
6572,6908
2996,13534
2504,8224
10302,1349
3258,13330
7672,7392
11151,1225
10318,10869
4040,13405
11250,1915
6616,6942
1394,11565
3890,5808
10762,1423
394,461
8359,8635
11685,1813
5743,7425
2131,11925
11995,1683
1770,1335
900,3985
7450,5153
8400,1142
3020,11945
7049,6943
11458,1589
14278,14324
4141,13599
11583,1170
5982,6683
1211,12177
12454,6270
12080,3300
1799,11979
7139,6635
13681,8178
7181,6973
2890,12818
13712,4072
6764,6929
1136,5578
7706,10112
10444,1437
945,5711
9499,9324
11499,1168
11392,11137
2736,12875
10580,4717
6786,6699
2806,12899
6588,7114
10929,1137
2953,12261
7500,7297
12166,1317
7948,7816
4099,13568
10706,2423
6710,7197
2762,12863
3334,4017
3775,863
2014,12565
7654,7840
11115,1205
7741,7381
2956,13194
10729,1209
6747,6838
904,5006
7810,7815
9807,1314
3066,12917
7754,7335
11034,2039
8314,7646
3666,13391
11676,1671
6541,6828
1809,12490
9022,6558
11595,1250
2748,2525
7330,7616
12918,1891
7673,7516
1579,12319
12792,1862
6683,6737
1624,11037
9014,6891
8934,1094
6461,6742
7430,7592
11103,1050
8176,7698
10162,1640
10405,1172
6930,7142
1364,11289
7152,3149
3868,833
6981,5516
8873,8779
8347,1311
7710,7866
2416,12442
8094,8176
6759,7044
954,11182
8089,8323
10180,3072
2671,2554
6735,7068
13793,10013
8486,8334
2119,11765
6930,6883
4783,4970
4506,5212
6400,6366
394,461
4672,9064
7925,6292
10084,1362
6400,6366
7803,13531
6656,6395
7781,8761
1294,11292
2785,12037
11505,3777
2274,12847
8993,8887
8446,8766
8639,8910
1699,12089
11378,11131
5680,5883
4679,12260
6765,12902
11386,1805
7538,13373
10548,10860
12736,2576
6652,13602
5520,12417
6590,12431
6909,6800
774,10567
10997,3751
10022,1092
6802,6981
9866,5597
9672,6032
9164,6170
1743,11157
9705,9215
4548,4896
2102,12074
6698,7321
5009,3978
5311,5455
5961,6322
7184,7212
7539,7171
2993,12689
6020,6271
6289,4970
5667,12887
2201,8505
7498,2396
7052,5297
7472,6877
6723,13045
6865,13410
5867,13246
9812,9709
2522,3200
3482,3795
12716,6408
7197,1361
1240,1076
4677,4159
5360,3760
11379,12329
4385,4519
4507,4573
358,542
4038,3683
3067,3523
3127,2629
394,461
3866,3536
3860,3667
3884,3616
7282,1057
14340,14391
5156,4987
2594,13210
6887,3570
6785,1315
4395,4774
5938,5908
12301,11696
12558,12653
9192,8837
10081,5384
1644,2140
2012,1359
3986,1987
933,1169
609,894
2859,2054
2473,2448
1257,2214
2955,2170
2122,2122
5196,2439
2735,1809
3770,6598
3599,1009
1495,560
2350,1362
3186,2298
12902,13427
3682,2200
9947,10502
2557,2410
2317,2806
2236,3080
1912,3209
13877,4184
3594,3329
2946,4054
2944,4299
3173,3396
3135,3758
1587,2176
1786,2820
2129,2198
781,632
13967,4383
2170,1585
1068,1068
1871,2893
1910,1554
1019,749
554,581
557,345
335,269
194,457
329,650
14180,14271
14176,14506
14398,14582
14539,14394
14404,14201
1408,10114
3384,7808
10292,1350
3241,7736
10737,1482
11418,6730
1143,12351
10359,7432
12632,2310
12629,2244
2466,12651
6202,6558
12513,1919
2388,8443
12062,2450
12674,6374
2887,12879
6972,6976
13123,2938
12880,2637
1148,9857
6064,6704
12691,3020
7060,4726
12366,2842
7937,9426
1731,11501
7150,7217
13442,3440
13377,3481
1064,10968
6490,6642
13505,2649
8605,2253
13042,3307
6325,12146
1245,11326
7555,7653
13438,4055
13577,6054
1277,10492
7207,7308
14059,4255
647,626
13300,3883
6848,7935
1420,11449
7793,7548
14162,13946
13906,4908
774,10456
394,461
13092,2774
6453,6231
12397,2926
6793,6348
1483,11188
6475,6242
13508,3243
13378,3455
1356,11343
6260,6750
12341,2574
10169,4971
12525,2731
11084,6937
10627,14001
7250,6896
13573,3453
13391,3234
6935,6900
394,461
11834,3886
1042,655
12703,3079
13564,12853
2743,13087
7476,7262
13286,3442
13424,3320
1186,9218
6027,6341
7771,1308
9871,4438
6038,1167
10556,4804
1194,10524
6957,7473
13181,2086
11620,1385
575,1600
7103,7307
13500,5716
1136,8573
13725,3840
10047,7817
941,8608
14340,14391
13678,6352
13738,8169
4390,9793
394,461
9943,1233
3712,6611
2967,964
9939,6548
3643,13381
7309,7342
11084,1292
11221,1307
686,3813
5861,6231
13939,4287
1103,5002
13769,3829
6317,12221
943,10618
6908,6926
14340,14391
14312,14506
4161,13920
6518,6962
13643,2213
6867,8250
10078,1264
11084,6937
12601,14194
7890,7412
11623,1721
11728,1613
2174,8256
4784,9853
4675,10307
4863,10122
7085,1086
12636,6410
1337,9585
8110,7910
11126,1218
11128,1151
793,8153
4346,6169
4665,5138
4745,5900
8326,1466
4774,8856
1300,9740
5109,4952
9116,1457
10197,1275
9422,5705
8510,5824
12865,2916
6728,4749
12862,3176
8823,6074
8559,5915
6417,4666
13944,6098
13644,4509
11345,1728
11086,1654
11795,2183
10677,2498
11646,3259
11230,4732
11548,4031
11158,1598
6614,6516
7063,6845
13706,6551
8320,8312
8709,8541
8118,7943
8300,8130
9535,12622
10622,5465
9503,9063
8463,8072
13045,12774
6019,4929
394,461
2607,2022
5876,4944
2991,2357
6963,4175
10247,4948
9848,5507
4328,4457
4358,4641
9578,9092
9485,8936
8634,8820
9862,4438
9572,8878
9998,9348
10532,9957
8893,9008
12372,11772
9798,9502
3499,9125
8196,8077
5424,6308
8171,7485
8137,8515
7140,6808
7453,7339
7204,7191
7813,7493
7493,6877
3312,6770
6565,6882
6074,8450
6173,5841
6946,7259
7095,8210
6850,6647
6587,4657
7739,7768
7917,8434
462,577
645,896
964,704
3881,3567
3864,3715
2597,5259
9471,1299
6524,4605
5769,4945
5639,4958
9226,5517
7411,2801
10738,4784
10535,3030
11018,3903
11360,6671
10014,2559
6591,2803
14340,14391
7254,2829
394,461
1503,9908
3361,2807
8427,8126
13172,5808
11620,5651
11145,4077
7463,9869
9129,6076
7663,7059
7201,7282
7171,6985
6782,6382
394,461
7175,6231
7154,7272
7204,7278
5278,4843
5392,5058
7401,6259
7232,7492
7238,7386
7306,7743
394,461
6673,7162
8523,8514
11496,1748
7105,6570
14571,14177
8242,7936
1336,7086
359,542
1218,7229
394,461
1660,6230
5358,5678
4987,3633
3804,3011
3220,2729
3503,3321
9295,1633
6171,6277
7217,7316
394,461
6638,6484
7291,6619
8400,3483
7918,7344
7861,5665
9776,5577
1431,924
1753,1339
2278,1243
394,461
1387,825
2112,1409
2357,1775
2722,1107
2520,1884
3007,1690
829,947
1689,1303
1760,1316
394,461
1387,825
1094,1086
1816,1276
1357,958
1513,1125
2247,1618
554,581
557,345
335,269
194,457
329,650
14180,14271
14176,14506
14398,14582
14539,14394
14404,14201
7922,3558
494,469
7972,3508
6891,7572
1493,9856
7676,7642
11453,7085
7873,7724
3894,12958
13928,4760
8307,2618
494,469
11628,1656
6616,6944
2721,12799
12809,2190
8517,10095
7706,7701
2877,13065
12601,2186
5416,7554
424,908
10286,1266
8006,7671
2769,13158
11565,1368
3670,13344
14079,13934
3909,13469
11371,1351
1750,11855
424,908
10102,1355
7335,7232
1228,2923
11598,1332
7980,9488
8324,8279
13510,14294
12613,2017
12492,2624
382,645
11609,1709
6274,6336
4126,13568
13216,2298
12630,6466
8673,8815
4034,13884
14216,12438
10099,5546
382,645
9137,5903
6459,6803
1682,8439
13900,7741
5394,11343
8699,8271
2568,12934
13363,3443
6430,9663
382,645
1825,626
7477,7095
1459,7793
11220,1325
1306,10406
9998,10077
3049,9808
11025,1345
272,455
394,462
10259,1246
394,461
2212,12237
11096,1293
5090,13911
7687,7555
5262,14091
11373,1455
7893,5307
394,462
12996,2843
7675,8204
3575,13377
14340,14391
6177,10895
8715,8409
3795,13638
14340,14391
2382,8498
394,462
13539,2750
7378,7143
2502,13356
13507,3363
2772,13244
8614,8372
11737,14140
13075,2995
5082,8752
394,462
13539,2750
7599,7495
245,719
12514,2037
6050,10000
8837,8712
5898,13464
12188,2001
554,581
557,345
335,269
194,457
329,650
14180,14271
14176,14506
14398,14582
14539,14394
14404,14201
1185,12385
3331,7738
8687,5513
8382,3356
11025,3879
6748,11422
7027,11365
7124,8656
11782,5439
14008,10548
2434,12519
2756,8081
7267,7056
11986,2240
11929,2464
2909,13243
7980,9584
7667,7714
13115,2345
13257,3536
2603,12480
394,461
6487,6945
12332,3156
13395,2571
3130,12945
11308,7065
7377,7304
13493,3934
13443,3906
3293,12941
2480,8194
5829,5998
11853,2148
2881,786
3880,13418
11090,4424
8490,8237
12908,2420
13323,2752
1806,11597
1538,11915
6499,6420
11636,1754
12420,1308
2558,12636
12507,10726
7070,7737
13168,2947
12927,2904
3191,12891
3508,13258
7509,7714
12563,3088
13346,2858
4194,13694
11216,4802
8321,8139
13382,4443
14299,13866
3275,12840
394,461
6529,6473
10633,1292
4797,883
3999,13328
13066,3900
6965,6735
12677,2846
12842,2863
2883,12721
3577,8075
394,461
12046,1766
11741,2094
11624,13482
7772,10117
9631,7112
12775,2745
12918,2906
813,1235
2731,13002
11639,3748
12160,2460
11443,1927
3395,13505
3691,10680
8351,8312
13091,2990
13207,2861
2084,12334
945,4505
2868,12838
13497,3586
13284,3467
10049,13965
3005,13195
3457,13267
13381,4716
14340,14391
1236,10546
1273,10815
2157,12387
12351,1253
12170,2503
2563,13033
1427,12237
10922,4258
13443,4525
13122,3547
2299,12539
8351,2447
6379,6332
4935,1555
10741,1767
4987,13348
12774,6440
10594,5372
12312,2276
12934,2625
1546,11787
4345,7151
11579,3823
11776,1586
11350,1862
2976,12940
12797,5320
14340,14391
13447,2712
13418,2770
1558,11684
5999,8893
7068,7055
12551,3127
13336,3193
3800,12874
6167,9023
8082,7500
13720,4409
14059,7009
2793,13044
8469,2458
6002,6287
13319,2524
12233,3124
9666,13333
5120,9180
12127,9775
13293,4079
13387,3974
986,5388
12040,3193
7414,7777
10976,1119
8911,1122
3285,9217
14340,14391
8047,7928
13554,2721
13801,3537
1789,12105
3811,6399
1872,1385
12467,2961
12575,3191
13374,4216
10578,5513
9481,9528
13861,4162
13928,4274
1082,11162
1450,10387
1262,11214
6169,6275
6298,5798
6352,8356
1204,11224
1624,11394
7386,6730
2057,11679
785,6091
1394,5962
8778,8685
6750,4423
1240,938
2659,11806
1267,6525
3412,7761
11889,6599
14340,14391
2220,12436
7718,3866
4129,3628
12294,2577
13563,2311
11867,9277
10919,4514
13230,6293
13682,3663
11512,8013
7317,13516
10248,2931
9341,2259
6503,1193
2256,771
8874,1166
8494,2760
8965,2305
9101,1687
9167,1684
7357,7313
7385,6168
12996,3137
544,473
357,544
2816,12639
9236,7433
9529,1110
8520,8065
7859,1252
8257,6561
3084,7158
13698,4740
1449,7580
3053,7378
4469,9921
10163,4778
10411,5006
10657,5266
10373,5265
7131,6930
7383,7481
7656,7342
6325,6954
3584,3299
7356,7126
7287,7196
7396,7037
7765,7434
7477,7559
4771,5447
3616,6629
7552,3418
1075,866
6958,6838
10289,12267
11903,12146
14340,14391
6989,10065
14340,14391
7106,6902
1178,6806
8215,6285
3068,9343
6968,7374
1571,7335
1631,7737
8351,7707
7396,7826
7921,7821
6987,6276
5658,5222
8527,5627
7379,6019
7495,5926
8237,6847
14340,14391
8002,7028
8447,6417
8230,6576
6956,6301
5738,5307
8129,5368
7419,5933
7405,6015
8259,6717
14340,14391
8075,7137
8447,6417
8286,6460
554,581
557,345
335,269
194,457
329,650
14180,14271
14176,14506
14398,14582
14539,14394
14404,14201
1474,11095
4000,7408
8558,4820
130,401
130,401
2401,13421
6424,10052
8113,6785
9768,6335
9503,5606
1819,11875
6896,5325
7598,7792
11684,1611
11684,1611
2341,12399
7259,9978
8170,8214
12329,1960
12408,1720
394,461
3681,8042
6283,10124
5846,763
11072,2158
1709,11224
11957,7095
10913,11209
12299,2351
11482,1494
1971,12163
4042,9377
8015,7955
11003,1322
11003,1322
2609,12727
4798,9629
8603,8279
11833,2265
12356,1477
1316,9715
5345,1666
2830,2594
10298,1249
9432,1239
980,10705
14340,14391
12677,12197
11232,1746
11192,1026
1063,11442
8651,6554
7116,6972
8379,1010
10540,3031
1534,11720
7439,9799
7740,7704
12083,1579
11618,1176
2602,11701
3759,9514
7842,8043
12575,2371
13214,2851
3777,11559
9656,13222
10547,10209
13643,7617
13834,10090
1009,7173
6974,4294
394,461
357,546
9254,1264
2669,12874
6932,4011
7078,7176
11102,1316
11199,1210
1985,12518
394,461
8540,6555
10491,1270
10491,1270
2389,12866
10025,6914
13912,13625
11940,1716
12445,1357
4800,6175
8903,2550
5871,6200
10162,1359
394,461
3048,13280
10197,4900
7815,7883
11245,1603
11073,3949
773,9497
11352,5820
11359,6308
394,461
11690,5709
1227,9862
8115,10270
9459,9846
13192,2614
13012,5097
2836,3239
7402,5164
5541,7476
12431,2415
13255,3004
6368,13408
4899,8334
4638,7480
13769,9564
13983,10149
5060,9462
4965,9402
5130,9204
10489,1429
10489,1429
4950,9292
5329,9074
5285,9216
10824,2379
11294,1763
2521,12948
2424,8492
7657,7914
9350,1187
10093,1030
5762,13181
6794,8267
8574,8458
14340,14391
14340,14391
2593,11861
1934,11469
6710,4808
9308,2257
9975,2536
2358,11794
9936,6406
8896,9471
10988,3767
11700,4067
2926,11110
7770,4379
10520,4999
6695,1273
3360,10216
4177,13634
12032,9695
7188,7278
7629,1097
7582,1302
1781,12006
1389,7624
7736,7820
4325,1411
1781,12006
2630,12997
8734,8883
8439,7656
7531,1196
7404,1036
4090,11390
4190,11656
7925,8198
6433,1168
4090,11390
4505,12018
4995,12093
8054,8280
8309,7948
8246,7950
5681,5565
5746,7325
5787,5879
5735,6254
394,461
7151,6805
7149,7100
7212,7167
7496,7155
7241,6652
7443,7472
7237,5045
7133,7752
6118,1154
7443,7472
6698,7086
6466,6948
6336,6264
8191,8191
8683,7998
9796,7214
10151,6832
9663,7059
10780,5110
9796,7214
10111,7187
9110,7575
9791,7179
11348,7854
8738,7469
394,461
8964,5448
717,468
12195,2030
506,518
6815,13416
4520,11556
8957,7418
11991,2852
12264,2742
8004,7848
7586,7912
7919,6615
6104,6443
7721,7644
6685,8108
7774,8009
7264,7172
8305,8146
7652,6627
4094,4772
4021,4716
4043,4320
394,461
4094,4772
4168,4693
3522,4982
9184,8917
5249,5449
7846,7971
2756,2541
1034,872
2605,4371
2883,2838
2605,4371
10614,10978
5103,3700
4623,3845
3698,4031
4303,3912
2808,3639
2053,2606
12022,1841
2971,3067
2808,3639
1171,7566
11820,6549
6149,5675
4766,4609
4934,4097
5007,5063
1297,1004
5289,5676
274,808
5007,5063
5387,5793
4797,6180
4503,5980
12921,12711
14322,14379
358,867
606,528
5721,6076
5910,6267
897,844
11665,12036
6214,6010
14311,14510
2824,3256
2969,3440
4175,4525
4366,4879
4030,3949
394,461
3011,2647
4288,4728
2327,2820
2331,2564
2233,2738
2399,2489
4175,4525
4366,4879
4030,3949
394,461
3011,2647
4288,4728
1642,2037
2243,2188
2106,2218
1189,858
554,581
557,345
335,269
194,457
329,650
14180,14271
14176,14506
14398,14582
14539,14394
14404,14201
763,1827
10148,3244
6263,6105
10510,2974
10334,3258
3482,13336
11723,7073
8900,4194
10831,3550
11426,7213
2423,12817
8122,2458
7546,7719
12247,2443
11803,3189
3199,13128
11874,7380
8470,7865
13042,3790
12927,2781
2653,12815
4090,6022
6083,6720
13253,3470
13137,3484
3371,13522
7246,11665
6918,7235
13711,3944
14046,4721
1451,10319
5768,9456
7700,7375
12904,3095
12863,2928
2036,12058
2691,11529
7946,7808
13702,3802
13605,3976
394,461
9418,3633
6067,6416
11528,1830
12744,2317
2696,12772
12954,12190
3921,10508
13640,4061
14159,11419
1700,11503
12287,5043
7408,7542
13676,3835
13847,4219
9940,13838
12354,3228
8161,7815
11025,5154
14218,13023
3259,13390
2567,8440
7239,7334
12942,3332
394,461
3885,13608
11472,7108
8071,7512
12142,7258
13298,5947
2468,13552
9768,5232
11088,5134
11400,4527
11025,3892
9668,13952
10665,5110
10662,5300
10348,4948
10879,4865
1724,11896
7280,3893
3777,4406
10692,1364
11225,1537
2277,12465
8604,9946
6373,6851
12874,1950
12855,3275
2152,12350
3568,7905
7937,7055
13317,3674
13542,3317
2350,12643
2579,12514
8048,8062
13878,4046
13780,3948
2481,12876
7084,7521
7455,7815
12674,2673
394,461
6707,13695
12082,7527
8346,7995
13647,4178
13426,3820
3460,13013
13170,3982
13250,3827
13525,3604
13194,3753
4602,13384
10945,1702
6325,6702
13722,4554
13158,3733
1670,9622
8655,5810
7490,8425
4031,2575
6181,2179
6535,13759
9855,4894
8375,7980
10104,5727
9595,5837
2255,12117
3056,5298
13315,7601
11674,7449
10227,7235
13982,14346
12530,7278
10331,4701
13253,7567
12339,7271
4160,13636
4451,9726
6554,9255
3634,863
8788,9845
14340,14391
6939,9219
13395,12774
8454,8115
7940,8199
6258,6321
529,573
2645,2949
8089,5655
6769,4362
6305,6266
6335,6368
6444,6626
9062,9146
6929,7277
6705,6674
4867,5285
8398,7796
5268,5063
8486,7888
7073,6872
6984,11430
7007,6883
14340,14391
4480,6783
7761,8621
7269,6574
6903,7669
6623,7361
6761,8531
7869,7578
7895,7711
8612,8661
8375,8055
7988,8074
8274,7180
12234,6802
7223,7243
9166,6275
7829,8546
5762,13484
8967,9585
8047,8096
8510,7791
8236,8285
394,461
10915,3666
1662,1261
9426,5771
7312,2496
6930,7000
6382,7994
6768,7323
8637,6689
13994,14180
4661,9674
4643,9498
4789,9613
3874,9445
4267,9367
4743,9654
4278,9885
5326,9504
6103,9494
4377,9737
1330,6402
5808,8597
7370,6933
1683,1267
4598,7604
7397,8025
8759,10773
7204,8644
6168,10312
7139,9142
8625,12276
7759,11806
8436,12239
8371,11618
2018,1109
8666,10806
8765,13706
10004,12100
8357,11754
8640,11771
394,461
4304,2301
6954,4674
8422,8390
394,461
14340,14391
8942,9318
10766,10461
7152,9621
7780,9678
6879,6964
1158,1676
7926,4877
6345,6629
6167,4380
9882,4536
10268,4494
9782,5129
9230,5413
9732,4640
4900,5173
4624,13629
6041,5560
4538,4647
6021,4554
6475,6277
5575,5998
6203,6290
5748,5226
6170,5825
5823,12825
4406,11642
5185,6008
6107,12562
2787,6601
6075,13775
8420,11591
12983,12289
7233,9768
8513,10009
9610,13559
8616,9299
9434,13743
9466,13594
5696,13135
6252,13364
10381,13515
8567,12944
6512,13337
6128,13350
4762,7181
7478,8577
8041,13213
3900,11315
6630,9117
6476,9574
7067,9476
8070,10074
5816,11231
6447,9779
3289,6446
1066,1684
3613,9226
3466,6356
2648,4660
4860,9260
2976,7319
3452,7918
10870,13881
3586,8110
4986,5744
4910,5936
1568,2508
3507,4170
1728,2548
1748,2454
1982,3179
2238,2920
3242,12827
1922,3171
4372,4288
1456,2142
5068,3721
3671,3536
4184,3752
11146,10867
11577,8245
9927,5631
11514,11000
2381,2035
1086,1739
13914,5593
581,1031
882,1812
1549,2300
1465,2214
1219,2060
2007,2085
1952,2515
1501,2361
844,711
394,461
581,1031
421,702
1549,2300
1519,2155
1331,2219
1308,1355
2417,2706
1530,2058
554,581
557,345
335,269
194,457
329,650
14180,14271
14176,14506
14398,14582
14539,14394
14404,14201
8585,4647
8690,4590
7612,3879
5857,7368
1352,10271
10147,10051
11972,5858
11606,6146
4355,13563
7990,7194
12864,2449
12420,2382
6900,5274
7335,7400
1706,12150
11153,5636
12711,3054
12610,2806
2658,12687
8016,7483
1224,534
6415,1014
3246,8020
7114,6750
1961,11942
12751,5221
10891,1240
11358,1284
2552,12700
7540,7021
10687,1600
10705,1119
2759,12251
4907,4942
2721,12843
4868,9011
11931,1433
11697,1756
3534,13450
7689,7348
12231,1959
5719,935
12614,2883
6642,8479
464,367
14340,14391
12711,2751
12849,2901
3064,10932
6781,9143
10540,861
6971,901
2842,7027
6605,6671
1512,11413
2931,11447
13642,7381
12824,2801
2281,11928
7614,7734
12160,2203
11970,1829
2255,12224
6690,6995
2169,12019
7660,11028
13032,2205
7928,9835
2496,12464
7658,7556
10121,973
7780,871
7701,3928
6996,7352
2026,12127
8800,7451
9998,1557
9220,816
2756,12709
7960,7504
9062,1110
3368,657
2670,4612
4284,10195
1338,10299
11263,6676
13616,8308
11605,7021
1935,11890
7997,8232
10501,877
10435,1339
3766,9266
813,1095
1689,12601
11007,8575
11904,1273
13064,4040
2879,13160
8302,8577
10529,1672
10185,1094
3065,3413
9766,6948
394,461
11474,13295
11624,1427
11654,1748
4176,13207
9155,7292
10344,1582
6942,1054
8442,2511
7184,7374
1301,11072
5358,7831
14340,14391
13754,9486
1662,11816
8935,8320
11873,2030
11015,3878
10175,4494
9947,4705
1637,10023
9907,12028
11188,1227
11013,1530
2235,12501
8288,7850
13139,2194
13724,3547
3983,2715
3474,10294
1606,11660
4623,9971
10629,2518
13820,9335
4775,14049
6411,6593
5499,950
6748,1258
6990,4612
8159,7902
2633,13009
7373,11434
10971,4149
9139,8967
3434,13284
6874,4349
13681,3856
13533,3960
10847,3479
3869,10474
1660,11483
12655,13723
4358,9918
5045,10106
3519,12948
4535,10135
14033,7247
13237,7258
12576,9488
6858,7456
3567,13159
3343,9236
13099,9198
14072,9406
11582,13467
8008,7358
8471,1497
327,609
3581,6512
7767,8079
1352,11193
6983,6586
12034,3618
12379,12377
4030,13262
8570,7998
7316,1567
9845,5556
9589,7376
9741,6229
394,461
5946,8914
10232,7304
6935,5488
1100,10337
10149,2970
7681,1107
394,461
9387,6014
7823,6878
1623,11512
9356,5730
8947,6251
9791,5799
14340,14391
14340,14391
8716,8673
394,461
7161,10904
8833,9413
2229,12413
10161,10226
7143,9437
11748,11480
1255,8213
8069,8676
7175,7204
394,461
6919,5322
8238,8408
1274,10306
9372,7008
8276,8159
8930,7250
2707,11479
3316,9223
9132,8741
394,461
918,7332
8501,8484
394,461
10671,11103
11800,11384
13333,12814
11962,11478
854,7714
6862,4250
394,461
8703,5415
9017,5501
8758,5571
6359,4792
7170,4998
9422,5640
10562,1467
8442,6667
7556,1045
394,461
9723,5671
9114,5488
1177,8360
9179,9380
9989,4962
8660,4716
9924,4842
9705,5210
7884,827
394,461
9723,5671
9114,5488
1248,10409
10630,7508
10064,4570
14008,13506
9684,5598
8744,5596
554,581
557,345
335,269
194,457
329,650
14180,14271
14176,14506
14398,14582
14539,14394
14404,14201
4677,7719
3255,7792
12281,1391
11889,1935
3418,7796
13467,3350
13437,3619
1604,13042
7760,10493
7007,11359
7524,7049
2574,8268
11631,1714
12140,1617
1598,11948
12509,2703
12436,1956
1872,12196
7518,8052
6621,12370
7308,7569
7010,4817
11367,1719
11630,1314
1154,10673
12693,1809
12514,2339
1535,12145
7721,7593
11487,7157
1127,911
8034,8035
13050,3574
13490,3268
1647,11893
13862,4710
14034,4504
1914,12194
8209,8054
11499,4764
4907,7972
4883,8999
12334,2746
12690,2433
2724,13017
13451,3455
13419,3285
2952,13243
8341,8252
2894,12981
6694,8366
7852,9713
10926,1458
10782,1053
1785,11902
12506,1864
12013,1886
3734,13401
8753,9105
7852,9713
6238,6293
3308,7813
12569,2631
12803,2564
2945,12673
12995,3068
13348,3242
2945,12673
8174,7826
10111,4507
5582,8891
3508,11398
10578,1359
10545,859
1463,11060
12250,1219
11808,1746
1243,12601
10597,4858
11455,8072
6987,6718
7463,6946
11191,1663
11845,1551
3377,13480
12922,2535
12320,2264
8002,13828
7462,7194
13186,3494
4859,4366
11207,5706
394,461
10034,4303
1469,11060
12065,2897
11307,5871
1618,11673
11234,5377
10053,8492
7203,7528
7923,3550
10812,2092
11417,1295
1858,11674
11374,1909
12148,2044
4542,13858
12100,2196
7156,9192
7034,6910
3238,7230
9839,1279
9344,1167
2723,12596
10728,1200
10830,1060
2631,12564
11156,1142
8133,13284
7363,7203
1409,2423
11184,1589
10520,1229
1253,10928
12372,1208
11852,1755
1213,12226
11873,1589
6691,11656
9550,1211
4619,9827
10108,1450
11508,1070
2900,12340
10742,1082
10917,1586
2643,12612
11705,1226
3147,11889
394,461
4645,5410
8954,1240
13273,2994
7190,7812
13776,4344
14052,6457
2930,11300
10379,10273
5045,9154
6591,6490
6140,6348
7167,1210
7323,926
2272,3034
8579,1147
8511,1234
7247,7599
6963,7380
7078,5213
4890,4420
7594,3611
7036,3119
8631,3795
6756,6994
10386,2873
7594,3611
14340,14391
7823,7589
11196,6094
9613,1143
9578,1482
9303,1833
8330,970
7175,8040
11329,1175
11195,1629
1499,10198
6418,6767
9980,9541
13279,3462
12660,1497
12169,1198
6404,1272
8079,1412
13734,10077
6318,1218
1323,6887
9898,1338
12426,1356
6970,6324
3981,9467
12097,2224
11534,1754
9857,5544
12514,2237
7324,7390
9826,11845
14135,14377
6828,9996
4710,4706
4408,941
10825,2292
5079,814
6950,6697
11056,7482
5912,6042
6863,1288
6861,6605
6146,5950
3851,3325
1967,1364
7043,3880
9990,1048
1016,7248
5024,10189
10590,10710
11748,9491
4542,9962
5157,9652
10863,4520
9995,4688
9827,5122
10718,4638
10372,5232
14340,14391
9726,4504
9792,4227
7693,7858
7092,6792
3775,3582
4169,4404
5040,4636
7170,6056
4105,4270
6379,4824
4878,5422
3392,10360
12841,12660
5695,5426
5597,3638
3817,4018
7522,4634
7473,2691
4170,4320
7650,2579
8955,8735
5702,5698
6114,6122
10597,10109
8664,1191
7170,3556
8726,1438
6833,1078
6283,2084
6568,6634
6581,7104
8705,4526
12191,11923
7790,829
8650,8317
8747,8915
9646,8788
7575,6988
8622,8516
6774,6211
5850,6268
6970,4472
7338,6240
10102,10355
6393,4712
6350,4751
8319,6208
6524,4658
6579,4667
8927,5876
8214,4797
8240,5616
8418,6494
8578,6330
6270,4630
3465,7866
6036,5014
1704,993
7134,1228
7276,4813
4839,9900
7688,5019
5429,9074
7189,10418
5632,7440
3735,10717
5396,8974
6394,8016
5690,9486
5938,8364
6348,8363
4857,8257
5527,9243
4874,8420
1568,943
1791,3427
3043,1960
1362,3321
852,3668
2994,5248
3924,1175
1936,5202
8459,8316
2226,5520
4040,4090
2658,2824
6602,1453
2266,1611
1918,3588
1657,4186
6763,1346
4729,5083
5713,5387
6551,4761
7204,7242
7531,7505
1682,5676
6897,6612
3761,1863
4226,4695
10671,4652
3246,4532
8725,5457
2892,4454
8748,6003
9857,6312
4567,4080
10466,5654
9003,5588
10060,8111
8049,7866
10025,8896
13576,12903
10821,10576
9469,5685
8995,8328
9196,8468
7648,5901
8167,7492
1433,3362
9252,5855
7271,4934
8505,6602
7358,4724
2124,1573
4419,4607
2064,4134
2405,2915
1560,3721
1980,3446
8625,6627
7953,9731
9865,6528
6922,10796
5081,5198
2828,7854
2775,5651
5986,1101
1071,6473
4992,10168
4823,9720
4952,8441
4655,9894
4621,8555
3542,3391
2793,3478
3285,4052
602,1187
1965,3745
1214,6511
3978,4400
4049,4458
5838,1343
4649,3956
3265,2630
1221,957
5016,1608
1201,1166
1572,2382
1743,3107
1348,2516
1221,957
2085,2233
2043,1532
554,581
557,345
335,269
194,457
329,650
14180,14271
14176,14506
14398,14582
14539,14394
14404,14201
11141,1222
1115,12232
5803,5734
7114,5331
10914,906
1657,13035
11534,7222
12495,7309
11572,6458
10389,7420
12262,2663
1654,12167
7347,7217
7390,3477
12223,2618
2337,12348
13030,3771
13540,3699
12490,6592
8166,7907
12209,2547
1223,11297
6770,6955
3697,6281
12007,2119
1900,11698
12664,3197
13306,2920
7435,11118
8413,7934
10822,1670
1490,11406
6536,6949
1651,9025
8642,1137
2104,12203
14175,11921
13884,12860
3699,8161
7446,7240
12729,3147
1573,11843
6396,6221
8722,6435
13289,2945
10498,13829
13329,4227
14058,4158
2291,12606
8003,7857
10850,1643
1680,11942
6854,7008
5140,7555
10663,1465
2484,12244
12208,1207
12105,2165
6374,12405
8136,8015
12258,2177
1834,12152
8553,6007
12270,3293
12825,2326
2711,12899
13080,4863
10122,4940
9904,4510
8777,8114
12060,2343
2412,13444
842,748
7371,5141
12252,2090
13419,14283
14089,10182
13388,3162
11031,8534
8542,7629
10430,1264
1141,12035
7085,6615
2751,8065
10695,1437
2235,12212
11966,1561
11585,1529
10370,5399
7900,7408
394,461
2506,12779
6406,6255
2933,12654
10675,1166
2509,12888
11770,3143
11232,1619
9363,2327
7804,7421
11054,1008
2614,12729
5051,5034
5931,5896
2422,1448
3118,13338
13416,2424
11693,1489
12654,6163
8266,7917
10884,2356
4503,13449
7611,6010
5410,13331
4166,13840
5401,13769
11953,3647
12821,2968
7344,11663
7341,8797
10274,1320
2883,13131
1872,2111
2778,13196
3120,13100
2929,13168
11351,1252
11170,1220
2967,12965
7914,7593
11252,1283
1126,12019
7104,7056
10562,3052
10948,1726
4336,13421
13253,2522
13172,1958
4532,12592
7836,7584
394,461
2524,12963
1627,1042
8834,8238
11115,1462
3990,13498
10462,4744
11438,1551
11038,10522
14012,14318
12698,2525
1593,11833
5912,6046
1564,10378
4714,8249
2651,12749
14340,14391
9454,9511
1641,11238
7551,7493
5762,3524
1105,10969
5911,5922
3523,8106
4378,3873
4059,13591
10634,4895
7675,6958
11166,6216
9449,5676
4667,6040
2285,12134
4906,6117
3366,11862
2954,12801
3914,12614
4555,7547
3809,10608
3947,10528
5844,9388
1791,12961
2018,12771
394,461
9247,1224
1882,12103
3056,13221
3271,13152
6486,13373
12291,14035
12896,13588
1251,10854
1036,11178
3717,4113
13807,4256
888,10598
14340,14391
2073,12032
2120,11654
5365,4868
1949,12102
725,8244
519,1021
953,2419
13644,2788
394,461
6416,13422
1770,11949
14306,14311
7833,3715
2132,11920
554,581
557,345
335,269
194,457
329,650
14180,14271
14176,14506
14398,14582
14539,14394
14404,14201
13463,2519
7509,2857
6894,6822
1282,10332
1470,10335
8031,7887
11515,7134
8514,8636
11914,5812
3824,13803
13020,2150
7000,5281
6370,6059
1716,12427
1704,11990
7183,6854
11709,7340
6668,6808
13466,4939
2505,12484
12735,3191
394,461
6824,6362
1799,11679
1652,11363
7076,7135
11386,4985
4086,10340
13537,3479
1601,11888
10823,3615
8811,2391
7406,6929
2373,12189
1760,11798
8486,8081
10985,4811
2044,12703
12516,3221
2262,12435
11308,1630
7027,5056
7843,7255
2784,13112
2778,13002
8288,8083
11520,7525
3946,13432
13662,6160
3905,13656
12490,2587
7140,5098
8037,7419
1434,10753
1545,10775
8145,8025
7148,10959
2017,11944
13190,3441
2019,11704
12145,1913
394,461
3787,4073
2080,12044
1818,12359
11098,11703
4602,9716
14340,14391
12969,2749
4255,13455
11668,1957
11067,1860
6256,5967
2802,12862
2858,13075
9827,5795
7712,3967
2530,12897
13057,2738
3887,13513
12596,2786
8720,5785
7595,7289
394,461
394,461
8206,8093
11061,8440
1872,12274
13642,3888
1706,11665
3515,782
5094,1551
7219,6927
394,461
394,461
8196,8227
11488,3741
1199,10948
13774,8289
1819,12391
10677,1206
3383,6517
6666,6522
1210,11154
1394,10800
10038,5238
13703,13092
1476,12641
11246,3462
2067,12190
12323,2281
3170,13009
6593,6486
3573,13215
3210,13234
8489,8241
9916,4469
8994,8779
13224,3215
3411,12916
394,461
12397,2166
6805,6587
2559,12266
2386,12487
7754,7794
4670,9852
7583,7535
13508,3100
3072,13487
12660,3123
11741,2392
7198,7138
394,461
394,461
12074,3415
10041,9465
11585,7864
13122,4075
12642,14188
1655,6505
7733,3952
8138,7625
2192,11768
1461,11579
9384,9903
10938,8418
12619,2696
13528,6118
4110,13630
3542,13910
13508,3329
7581,6666
3215,13512
3215,13224
7104,7302
6066,9194
13715,4472
4418,14017
4570,13562
2762,13270
11965,2000
7164,6998
4668,9779
3866,10277
13318,12859
4768,9458
11023,1408
4331,13372
3898,13882
6704,13769
4197,13657
6219,6237
928,618
394,461
7972,7629
13558,14093
11019,1431
4206,13669
7685,13353
394,461
7902,1074
6713,6620
2051,3070
2165,2534
8139,8115
938,9722
9306,1271
4454,13152
2244,12510
3532,13072
12341,2407
7538,7383
3475,13297
3134,12968
11743,2116
12164,6542
11635,11368
6022,13800
1166,13027
8561,12763
10636,1541
6127,5811
8477,12333
8675,12937
10072,1268
9618,13375
6833,6842
7999,12373
7167,13598
8921,13965
8192,2205
5992,5953
8752,13484
8272,13722
10361,13752
10596,13478
8648,8925
9918,13373
10002,13860
272,455
12541,6258
7602,7588
357,544
394,461
14241,13264
12258,10261
9240,9339
13180,13920
10595,13991
6927,6736
5772,5249
5707,5493
5708,13266
6090,13591
10076,1213
5854,5474
8057,7786
7453,7050
5772,6065
3691,3170
8458,8396
7732,7647
7495,8933
7255,9088
7804,13588
9408,9242
8208,13698
9893,9469
7340,13684
9962,10006
1090,5690
9750,9476
10318,10007
9398,9519
8808,8908
8338,8276
1419,6972
8984,8852
1483,6415
10224,4618
865,4450
10134,4669
9744,4686
9922,4716
9023,9159
10348,8906
11737,11429
9655,9352
1405,5028
7174,7343
7626,7322
8000,7444
8004,7900
7839,7630
8226,1314
8084,1240
5170,5345
9362,8939
2220,7409
13766,13042
12806,13081
13322,12538
12929,12997
13879,13144
13619,13126
4502,1329
14292,14006
13089,12393
13776,13693
